Test Results
Accuracy for law prediction is: 94.88%
Other metrics for law prediction is: (0.9488144341028354, 0.7568411506717552, 0.9488144341028354, 0.8500961595630642, 0.9488144341028354, 0.7812349359150399, 0.9488144341028354)
Accuracy for accu prediction is: 95.47%
 Other metrics for accu prediction is: (0.9546774785669553, 0.7276761814420568, 0.9546774785669553, 0.8176828764081513, 0.9546774785669553, 0.7499616586444814, 0.9546774785669553)
Accuracy for time prediction is: 56.93%
Other metrics for time prediction is: (0.5693415682294254, 0.4071540222773755, 0.5693415682294254, 0.4716785523593677, 0.5693415682294254, 0.4210263895495883, 0.5693415682294254)
* Classification Report for law:
                precision    recall  f1-score   support

           0       0.88      0.96      0.92      1228
           1       0.84      0.70      0.76      3372
           2       1.00      0.93      0.96       333
           3       0.87      0.95      0.90      1673
           4       0.76      0.70      0.73       312
           5       0.77      0.74      0.75       239
           6       0.86      0.96      0.91       860
           7       0.70      0.87      0.78       204
           8       0.98      0.99      0.98      2248
           9       0.93      0.82      0.87       490
          10       0.98      0.99      0.99     18861
          11       0.93      0.47      0.62       212
          12       0.55      0.73      0.63       655
          13       0.85      0.91      0.88       946
          14       0.97      0.56      0.71       167
          15       0.79      0.35      0.48       383
          16       0.72      0.84      0.77       389
          17       0.89      0.90      0.90       156
          18       0.99      0.89      0.94       251
          19       0.78      0.29      0.42       173
          20       1.00      0.09      0.17        43
          21       0.93      0.90      0.92        42
          22       0.97      0.76      0.85        91
          23       0.70      0.85      0.77       330
          24       0.84      0.88      0.86       510
          25       0.85      0.96      0.90       467
          26       0.96      0.71      0.82        76
          27       0.69      0.13      0.22       150
          28       0.83      0.74      0.78       379
          29       0.80      0.04      0.08        91
          30       0.64      0.74      0.69        43
          31       0.96      0.99      0.97       762
          32       0.74      0.71      0.72       674
          33       0.88      0.85      0.87       449
          34       0.92      0.83      0.87        88
          35       0.88      0.90      0.89       531
          36       0.57      0.70      0.63       244
          37       0.82      0.57      0.67        86
          38       0.97      0.97      0.97       377
          39       0.87      0.70      0.78        57
          40       0.32      0.52      0.39        25
          41       0.89      0.97      0.93       460
          42       0.96      0.84      0.90        62
          43       0.86      0.90      0.88       397
          44       0.63      0.61      0.62       131
          45       0.99      0.98      0.99     10216
          46       0.94      0.97      0.96      1270
          47       0.90      0.76      0.82       956
          48       0.89      0.74      0.81       366
          49       0.91      0.87      0.89       414
          50       0.98      0.98      0.98       148
          51       0.70      0.88      0.78       285
          52       0.99      0.93      0.96       365
          53       0.97      0.99      0.98       586
          54       0.36      0.08      0.13        49
          55       0.75      0.54      0.63        80
          56       0.97      0.91      0.94       171
          57       0.61      0.88      0.72       421
          58       0.48      0.47      0.47        85
          59       0.90      0.90      0.90      6004
          60       1.00      0.99      0.99       776
          61       0.85      0.93      0.89        84
          62       0.88      0.72      0.79       385
          63       0.97      0.73      0.83        88
          64       0.93      0.73      0.82        92
          65       0.93      0.94      0.93       682
          66       0.95      1.00      0.98        20
          67       0.99      0.99      0.99       348
          68       0.96      0.96      0.96        45
          69       0.99      0.92      0.96       105
          70       0.98      0.75      0.85       130
          71       0.99      0.99      0.99       364
          72       0.95      0.98      0.96       544
          73       0.96      0.97      0.96      1606
          74       0.92      0.66      0.77       239
          75       0.99      0.66      0.79       515
          76       0.95      0.70      0.81        54
          77       0.76      0.41      0.53        61
          78       0.94      0.93      0.93       277
          79       0.81      0.90      0.85        42
          80       0.89      0.79      0.84       165
          81       0.78      0.88      0.83       331
          82       0.78      0.61      0.68        87
          83       0.89      0.81      0.85       135
          84       0.58      0.85      0.69       725
          85       0.90      0.84      0.87       557
          86       0.76      0.70      0.73       430
          87       0.93      0.73      0.82       115
          88       0.78      0.35      0.48        40
          89       0.70      0.95      0.81       436
          90       0.81      0.83      0.82       461
          91       0.79      0.42      0.55       295
          92       0.68      0.78      0.72        49
          93       0.71      0.52      0.60        87
          94       0.89      0.79      0.84       168
          95       0.97      0.79      0.87       220
          96       0.99      1.00      0.99     38687
          97       0.95      0.27      0.42        67
          98       0.86      0.95      0.90        20
          99       0.74      0.81      0.77       620
         100       0.87      0.92      0.89       289
         102       0.81      0.39      0.52       176
         103       0.83      0.41      0.55       120
         104       0.83      0.63      0.72        78
         105       0.95      0.72      0.82        58
         106       0.97      0.58      0.73       106
         107       0.96      0.82      0.88       394
         108       0.71      0.79      0.75        57
         109       0.81      0.86      0.83       402
         110       0.86      0.98      0.92       469
         111       0.97      0.97      0.97       530
         112       1.00      0.96      0.98       510
         113       0.87      0.56      0.68        48
         114       0.85      0.36      0.51        64
         115       0.93      0.61      0.74       429
         116       0.95      0.73      0.82        55
         117       0.89      0.97      0.93      2092
         118       0.37      0.38      0.37        48
         119       0.86      0.66      0.75       690
         120       0.98      0.55      0.70        77
         121       0.99      0.99      0.99     42471
         122       0.95      0.98      0.97     22145
         123       0.84      0.64      0.72       587
         124       0.93      0.36      0.52        70
         125       0.60      0.38      0.47        55
         126       1.00      0.97      0.98       456
         127       0.75      0.91      0.82       449
         128       0.68      0.86      0.76       371
         129       0.74      0.88      0.81       647

    accuracy                           0.95    185228
   macro avg       0.85      0.76      0.78    185228
weighted avg       0.95      0.95      0.95    185228

* Classification Report for accu:
              precision    recall  f1-score   support

           0       0.99      0.99      0.99       438
           1       0.97      0.58      0.72       168
           2       1.00      0.99      1.00       776
           3       0.65      0.87      0.74      1003
           4       0.00      0.00      0.00        38
           5       0.95      0.93      0.94        42
           6       0.97      0.97      0.97      1602
           7       0.98      0.78      0.87        60
           8       0.85      0.95      0.90       104
           9       0.54      0.54      0.54        70
          10       0.90      0.87      0.88       548
          11       0.92      0.90      0.91      6097
          12       0.84      0.99      0.91       463
          13       0.99      0.99      0.99       364
          14       0.88      0.21      0.33       175
          15       0.83      0.91      0.87       164
          16       0.95      0.70      0.81        60
          17       0.90      0.49      0.63        88
          18       0.92      0.80      0.85       409
          19       0.98      0.72      0.83        57
          20       0.65      0.92      0.76       285
          21       0.98      0.94      0.96       333
          22       0.97      0.64      0.77       131
          23       0.95      0.67      0.78       433
          24       0.83      0.88      0.85       407
          25       0.65      0.91      0.76       367
          26       0.93      0.95      0.94       275
          27       0.62      0.35      0.45        51
          29       0.99      1.00      1.00     57536
          30       0.97      0.85      0.90       470
          31       0.85      0.88      0.86       330
          32       0.78      0.98      0.87       433
          33       0.79      0.67      0.72       652
          34       0.77      0.91      0.83       493
          35       0.99      0.99      0.99     42576
          36       0.84      0.79      0.82       365
          37       0.96      0.97      0.97     22230
          38       0.99      0.97      0.98       149
          39       0.75      0.80      0.77        49
          40       0.91      0.83      0.87        47
          41       0.86      0.10      0.19       172
          42       0.89      0.94      0.91       836
          43       0.99      0.94      0.96       172
          44       0.69      0.89      0.78       620
          45       0.98      0.50      0.66       237
          46       0.77      0.75      0.76        57
          47       0.00      0.00      0.00        18
          48       0.88      0.73      0.80      1071
          49       0.91      0.98      0.94      2098
          50       0.97      0.99      0.98      2620
          51       0.85      0.36      0.51        64
          52       0.85      0.58      0.69        79
          53       0.89      0.94      0.91       651
          54       0.89      0.79      0.84       384
          55       0.00      0.00      0.00         1
          56       0.91      0.98      0.94       816
          57       0.83      0.67      0.74        90
          58       0.96      0.75      0.84        88
          59       0.56      0.86      0.68       721
          60       0.50      0.41      0.45        41
          61       0.81      0.14      0.23        95
          62       1.00      0.98      0.99       457
          63       0.79      0.73      0.76       311
          64       0.00      0.00      0.00         0
          65       0.89      0.89      0.89       624
          66       0.88      0.91      0.89       471
          67       0.72      0.56      0.63       130
          68       0.88      0.98      0.92       457
          69       0.98      0.99      0.98      2237
          70       0.95      0.99      0.97       763
          71       0.81      0.79      0.80       428
          72       0.77      0.42      0.55        40
          73       0.96      0.64      0.76       239
          74       0.33      0.16      0.21        19
          75       0.56      0.42      0.48        67
          76       0.94      0.87      0.91       705
          77       0.91      0.94      0.93       178
          78       0.95      0.63      0.75        91
          79       0.45      0.65      0.53        81
          80       0.88      0.58      0.70       121
          81       1.00      0.03      0.05        37
          82       0.95      0.95      0.95        20
          83       0.99      0.60      0.74       220
          84       0.82      0.19      0.31        47
          85       0.84      0.92      0.88       535
          86       0.99      0.99      0.99     10219
          87       0.90      0.93      0.92      1050
          88       0.98      0.52      0.67       318
          89       0.89      0.69      0.78       239
          90       0.95      0.78      0.86       129
          91       0.58      0.46      0.51        56
          92       0.00      0.00      0.00         1
          93       0.14      0.20      0.16        15
          94       0.89      0.73      0.80       637
          95       0.93      0.83      0.88       486
          96       0.99      0.86      0.92        91
          97       0.87      0.91      0.89        43
          98       0.87      0.62      0.72       585
          99       0.80      0.75      0.77       653
         100       0.95      0.81      0.87       450
         101       0.79      0.91      0.85       860
         102       0.88      0.48      0.62        48
         104       0.63      0.47      0.54        47
         105       0.97      0.99      0.98      1751
         106       0.99      0.93      0.96       251
         107       1.00      0.88      0.93       106
         108       0.79      0.91      0.85       455
         109       0.87      0.74      0.80       463
         110       0.80      0.74      0.77      3340
         111       0.89      0.53      0.66        80
         112       0.96      0.99      0.97       545
         113       0.79      0.89      0.84       639
         114       0.84      0.89      0.86       337
         115       1.00      0.95      0.97       364
         116       0.89      0.96      0.93      1214
         117       0.65      0.92      0.76       209

    accuracy                           0.95    185228
   macro avg       0.82      0.73      0.75    185228
weighted avg       0.96      0.95      0.95    185228

* Classification Report for time:
               precision    recall  f1-score   support

           0       0.61      0.59      0.60       727
           1       0.50      0.53      0.51      2130
           2       0.44      0.19      0.27      1604
           3       0.29      0.12      0.17      2196
           4       0.41      0.48      0.44      6989
           5       0.51      0.47      0.49     12865
           6       0.38      0.35      0.36     21219
           7       0.39      0.49      0.44     29846
           8       0.41      0.25      0.31     23616
           9       0.74      0.84      0.79     77580
          10       0.50      0.17      0.25      6456

    accuracy                           0.57    185228
   macro avg       0.47      0.41      0.42    185228
weighted avg       0.55      0.57      0.55    185228
