0	14	放火	2047	1	1	2	1	1	0	1	2	0	2
1	16	爆炸	169	1	1	2	1	1	0	1	2	0	2
2	19	失火	3373	1	1	2	1	1	0	1	2	1	2
3	25	破坏交通设施	24	1	1	2	1	1	2	1	2	0	2
4	26	破坏电力设备	270	1	1	2	1	1	2	1	2	0	2
5	27	破坏易燃易爆设备	168	1	1	2	1	1	2	1	2	0	2
6	36	破坏广播电视设施、公用电信设施	347	1	1	1	1	1	2	1	1	0	2
7	37	过失损坏广播电视设施、公用电信设施	35	1	1	1	1	1	2	1	1	1	2
8	38	非法制造、买卖、运输、邮寄、储存枪支、弹药、爆炸物	1676	0	0	1	1	1	1	1	1	0	1
9	43	非法持有、私藏枪支、弹药	12759	1	1	1	1	1	1	0	1	0	1
10	46	非法携带枪支、弹药、管制刀具、危险物品危及公共安全	45	1	1	2	1	1	0	1	2	0	1
11	49	交通肇事	30337	1	1	0	1	1	0	1	0	1	1
12	50	重大责任事故	1424	1	1	0	1	1	1	1	0	1	0
13	51	重大劳动安全事故	303	1	1	0	1	1	1	1	0	1	0
14	52	危险物品肇事	27	1	1	0	1	1	1	1	0	1	0
15	56	投放危险物质	297	1	1	2	1	1	0	1	2	0	2
16	59	非法制造、买卖、运输、储存危险物质	44	0	0	1	1	1	1	1	1	0	1
17	65	危险驾驶	34437	1	1	1	1	1	0	1	1	0	1
18	68	生产、销售伪劣产品	677	0	0	1	1	1	1	1	1	0	1
19	69	生产、销售假药	4109	0	0	2	1	1	1	1	2	0	1
20	72	生产、销售有毒、有害食品	2654	0	0	2	1	1	1	1	2	0	1
21	77	生产、销售不符合安全标准的食品	1369	0	0	2	1	1	1	1	2	0	1
22	91	虚报注册资本	54	0	1	1	1	1	1	1	1	0	1
23	106	隐匿、故意销毁会计凭证、会计帐簿、财务会计报告	31	0	1	1	1	1	1	1	1	0	1
24	117	出售、购买、运输假币	121	0	0	1	1	1	1	1	1	0	1
25	119	持有、使用假币	246	0	1	1	1	1	1	2	1	0	1
26	123	高利转贷	14	0	2	1	1	1	1	1	1	0	1
27	124	非法吸收公众存款	1616	0	2	1	1	1	1	1	1	0	1
28	125	伪造、变造金融票证	110	0	1	1	1	1	1	1	1	0	1
29	135	违法发放贷款	97	0	2	1	1	1	1	1	1	0	1
30	142	骗取贷款、票据承兑、金融票证	864	0	1	1	1	1	1	0	1	0	1
31	143	妨害信用卡管理	709	0	2	1	1	1	1	2	1	0	1
32	144	窃取、收买、非法提供信用卡信息	15	0	2	1	1	1	1	1	1	0	1
33	165	虚开增值税专用发票、用于骗取出口退税、抵扣税款发票	2807	0	1	1	1	1	1	1	1	0	1
34	170	非法制造、出售非法制造的发票	66	0	0	1	1	1	1	1	1	0	1
35	172	非法出售发票	69	0	0	1	1	1	1	1	1	0	1
36	173	逃税	58	0	1	1	1	1	1	1	1	0	1
37	174	持有伪造的发票	471	1	1	1	1	1	1	0	1	0	1
38	175	虚开发票	566	0	1	1	1	1	1	1	1	0	1
39	177	假冒注册商标	862	0	1	1	1	1	1	1	1	0	1
40	179	非法制造、销售非法制造的注册商标标识	42	0	0	1	1	1	1	1	1	0	1
41	181	侵犯著作权	592	0	0	1	1	1	1	1	1	0	1
42	187	串通投标	108	0	1	1	1	1	1	1	1	0	1
43	189	非法经营	4697	0	0	1	1	1	1	1	1	0	1
44	190	强迫交易	259	0	0	1	0	1	1	1	1	0	1
45	191	伪造、倒卖伪造的有价票证	21	0	0	1	1	1	1	1	1	0	1
46	193	非法转让、倒卖土地使用权	185	0	0	1	1	1	1	1	1	0	1
47	199	组织、领导传销活动	780	0	1	1	2	1	1	1	1	0	1
48	201	故意杀人	1039	1	1	0	0	1	2	1	1	0	1
49	202	过失致人死亡	2380	1	1	0	0	1	2	1	1	1	1
50	203	故意伤害	118186	1	1	1	0	1	2	1	0	0	1
51	204	过失致人重伤	514	1	1	1	0	1	2	1	0	1	1
52	205	强奸	1644	1	1	2	0	1	2	1	2	0	1
53	207	强制猥亵、侮辱妇女	234	1	1	1	0	1	2	1	1	0	1
54	208	猥亵儿童	339	1	1	1	0	1	2	1	1	0	1
55	209	非法拘禁	8971	1	1	2	2	1	1	1	2	0	1
56	210	绑架	223	1	1	2	0	1	1	1	2	0	1
57	211	拐卖妇女、儿童	426	0	0	2	2	1	2	1	2	0	1
58	212	收买被拐卖的妇女、儿童	37	1	0	1	1	1	1	1	1	0	1
59	214	诬告陷害	132	1	1	1	1	1	1	1	1	0	1
60	217	非法侵入住宅	1077	1	1	1	1	2	1	1	1	0	1
61	218	侮辱	32	1	1	1	2	1	0	1	1	0	1
62	233	重婚	708	1	1	1	1	1	1	1	1	0	1
63	235	虐待	13	1	1	2	0	1	1	1	2	0	1
64	236	遗弃	104	1	1	1	1	1	1	1	1	0	1
65	237	拐骗儿童	75	2	1	1	1	1	2	1	1	0	1
66	241	非法获取公民个人信息	139	1	2	1	1	1	1	1	1	0	1
67	243	强迫劳动	33	1	1	1	0	1	2	1	1	0	1
68	246	抢劫	11316	0	1	2	0	1	2	0	2	0	1
69	247	盗窃	219839	0	1	1	1	1	2	0	1	0	1
70	248	诈骗	27885	0	1	1	1	1	2	0	1	0	1
71	249	抢夺	4791	0	1	1	1	1	0	0	1	0	1
72	251	侵占	48	0	1	1	1	1	2	0	1	0	1
73	253	挪用资金	1971	0	1	1	1	1	1	1	1	0	1
74	254	挪用特定款物	28	0	1	1	1	1	1	1	1	0	1
75	255	敲诈勒索	4124	0	1	1	1	1	1	0	1	0	1
76	256	故意毁坏财物	5466	1	1	1	1	1	1	1	1	0	1
77	257	破坏生产经营	490	1	1	1	1	1	1	1	1	0	2
78	258	拒不支付劳动报酬	1686	1	1	1	1	1	1	0	1	0	1
79	261	妨害公务	10939	1	1	1	0	1	0	1	1	0	1
80	263	招摇撞骗	610	1	1	1	1	1	2	1	1	0	1
81	264	伪造、变造、买卖国家机关公文、证件、印章	2011	0	0	1	1	1	1	1	1	0	1
82	266	伪造公司、企业、事业单位、人民团体印章	991	0	1	1	1	1	1	1	1	0	1
83	267	伪造、变造居民身份证	200	0	2	1	1	1	1	1	1	0	1
84	268	非法生产、买卖警用装备	32	0	0	1	1	1	1	1	1	0	1
85	269	非法获取国家秘密	34	2	2	1	1	1	1	1	1	0	1
86	274	破坏计算机信息系统	23	2	1	1	1	1	1	1	1	0	1
87	275	扰乱无线电通讯管理秩序	192	1	1	1	1	1	1	1	1	0	1
88	276	聚众扰乱社会秩序	315	1	1	1	1	1	0	1	1	0	1
89	277	聚众冲击国家机关	38	1	1	1	1	1	0	1	1	0	1
90	278	聚众扰乱公共场所秩序、交通秩序	156	1	1	1	1	1	0	1	1	0	1
91	279	聚众斗殴	3437	1	1	1	0	1	0	1	1	0	1
92	280	寻衅滋事	22642	1	1	1	2	1	0	1	1	0	1
93	294	赌博	9401	0	1	1	1	1	2	1	1	0	1
94	297	编造、故意传播虚假恐怖信息	68	1	1	1	1	1	0	1	1	0	1
95	298	开设赌场	17588	1	1	1	1	1	0	1	1	0	1
96	302	伪证	108	1	1	1	1	1	1	1	1	0	1
97	304	妨害作证	104	1	1	1	0	1	1	1	1	0	1
98	305	帮助毁灭、伪造证据	96	1	1	1	1	1	1	1	1	0	1
99	306	打击报复证人	13	1	1	1	2	1	1	1	1	0	1
100	307	扰乱法庭秩序	16	1	1	1	2	1	0	1	1	0	1
101	308	窝藏、包庇	935	1	1	1	1	1	1	1	1	0	1
102	310	窝藏、转移、收购、销售赃物	45	1	0	1	1	1	1	1	1	0	1
103	311	拒不执行判决、裁定	2105	1	1	1	1	1	1	1	1	0	1
104	312	非法处置查封、扣押、冻结的财产	224	1	1	1	1	1	1	1	1	0	1
105	313	破坏监管秩序	91	1	1	1	0	1	1	1	1	0	1
106	314	脱逃	98	1	1	1	2	1	1	1	1	0	1
107	319	掩饰、隐瞒犯罪所得、犯罪所得收益	6538	1	0	1	1	1	1	1	1	0	1
108	335	倒卖文物罪发	15	0	0	1	1	1	1	1	1	0	1
109	337	盗掘古文化遗址、古墓葬	365	0	1	1	1	1	1	0	1	0	1
110	345	非法组织卖血	50	0	0	1	1	1	1	1	1	0	1
111	350	非法行医	2199	1	1	2	1	1	1	1	2	0	1
112	351	非法进行节育手术	79	1	1	2	1	1	1	1	2	0	1
113	360	非法捕捞水产品	1291	0	1	1	1	1	1	1	1	0	1
114	361	非法猎捕、杀害珍贵、濒危野生动物	234	0	1	1	1	1	1	1	1	0	1
115	363	非法狩猎	1318	0	1	1	1	1	1	1	1	0	1
116	365	非法采矿	658	0	1	1	1	1	1	1	1	0	1
117	367	非法采伐、毁坏国家重点保护植物	957	0	1	1	1	1	1	1	1	0	1
118	368	盗伐林木	2949	0	1	1	1	1	1	1	1	0	1
119	369	滥伐林木	9068	0	1	1	1	1	1	1	1	0	1
120	370	非法收购、运输盗伐、滥伐的林木	134	0	2	1	1	1	1	1	1	0	1
121	371	非法占用农用地	3443	0	1	1	1	1	1	1	1	0	1
122	372	非法收购、运输、加工、出售国家重点保护植物、国家重点保护植物制品	215	0	0	1	1	1	1	1	1	0	1
123	373	污染环境	884	1	1	1	1	1	1	1	1	1	1
124	374	走私、贩卖、运输、制造毒品	75326	0	0	1	2	1	1	1	1	0	1
125	375	非法持有毒品	10357	1	1	1	1	1	1	0	1	0	1
126	377	窝藏、转移、隐瞒毒品、毒赃	12	1	1	1	1	1	1	1	1	0	1
127	379	非法买卖制毒物品	145	0	0	1	1	1	1	1	1	0	1
128	380	非法种植毒品原植物	1459	0	1	1	1	1	2	1	1	0	1
129	382	引诱、教唆、欺骗他人吸毒	82	1	1	1	1	1	1	1	1	0	1
130	384	容留他人吸毒	40281	1	1	1	1	1	1	1	1	0	1
131	392	传播性病	32	1	1	1	1	1	1	1	1	0	1
132	395	制作、复制、出版、贩卖、传播淫秽物品牟利	103	0	0	1	1	1	1	1	1	0	1
133	399	组织淫秽表演	35	0	1	1	1	1	2	1	1	0	1
134	412	伪造、变造、买卖武装部队公文、证件、印章	31	0	0	1	1	1	1	1	1	0	1
135	425	过失损坏武器装备、军事设施、军事通信	24	1	1	1	1	1	1	1	1	1	1
136	427	贪污	3071	0	1	1	1	0	1	0	1	0	1
137	428	挪用公款	1267	0	1	1	1	0	1	1	1	0	1
138	429	受贿	2734	0	1	1	1	0	1	0	1	0	1
139	431	行贿	1902	0	1	1	1	1	1	1	1	0	1
140	433	介绍贿赂	71	0	1	1	1	2	1	1	1	0	1
141	437	私分国有资产	46	0	1	1	1	0	1	0	1	0	1
142	441	滥用职权	358	1	1	1	1	0	1	1	1	0	1
143	442	玩忽职守	824	1	1	1	1	0	1	1	1	1	1
144	445	徇私枉法	34	1	1	1	1	0	1	1	1	0	1
145	450	徇私舞弊不移交刑事案件	23	1	1	1	1	0	1	1	1	0	1
146	462	动植物检疫徇私舞弊	54	1	1	1	1	0	1	1	1	0	1
147	470	招收公务员、学生徇私舞弊	35	1	1	1	1	0	1	1	1	0	1
148	479	帮助犯罪分子逃避处罚	72	1	1	1	1	0	1	1	1	0	1
