妨害公务	10939	1	1	1	0	1	0	1	1	0	1
寻衅滋事	22642	1	1	1	2	1	0	1	1	0	1
非法采矿	658	0	1	1	1	1	1	1	1	0	1
开设赌场	17588	1	1	1	1	1	0	1	1	0	1
聚众斗殴	3437	1	1	1	0	1	0	1	1	0	1
绑架	223	1	1	2	0	1	1	1	2	0	1
非法持有毒品	10357	1	1	1	1	1	1	0	1	0	1
销售假冒注册商标的商品
假冒注册商标	862	0	1	1	1	1	1	1	1	0	1
交通肇事	30337	1	1	0	1	1	0	1	0	1	1
破坏电力设备	270	1	1	2	1	1	2	1	2	0	2
合同诈骗
抢劫	11316	0	1	2	0	1	2	0	2	0	1
非法处置查封、扣押、冻结的财产	224	1	1	1	1	1	1	1	1	0	1
以危险方法危害公共安全
非法制造、买卖、运输、邮寄、储存枪支、弹药、爆炸物	1676	0	0	1	1	1	1	1	1	0	1
持有、使用假币	246	0	1	1	1	1	1	2	1	0	1
重婚	708	1	1	1	1	1	1	1	1	0	1
重大劳动安全事故	303	1	1	0	1	1	1	1	0	1	0
违法发放贷款	97	0	2	1	1	1	1	1	1	0	1
窝藏、包庇	935	1	1	1	1	1	1	1	1	0	1
放火	2047	1	1	2	1	1	0	1	2	0	2
强奸	1644	1	1	2	0	1	2	1	2	0	1
伪造、变造金融票证	110	0	1	1	1	1	1	1	1	0	1
爆炸	169	1	1	2	1	1	0	1	2	0	2
玩忽职守	824	1	1	1	1	0	1	1	1	1	1
对非国家工作人员行贿
非法收购、运输、加工、出售国家重点保护植物、国家重点保护植物制品	215	0	0	1	1	1	1	1	1	0	1
生产、销售假药	4109	0	0	2	1	1	1	1	2	0	1
过失致人死亡	2380	1	1	0	0	1	2	1	1	1	1
骗取贷款、票据承兑、金融票证	864	0	1	1	1	1	1	0	1	0	1
非法买卖制毒物品	145	0	0	1	1	1	1	1	1	0	1
生产、销售有毒、有害食品	2654	0	0	2	1	1	1	1	2	0	1
滥用职权	358	1	1	1	1	0	1	1	1	0	1
诬告陷害	132	1	1	1	1	1	1	1	1	0	1
非法行医	2199	1	1	2	1	1	1	1	2	0	1
非法出售发票	69	0	0	1	1	1	1	1	1	0	1
行贿	1902	0	1	1	1	1	1	1	1	0	1
非法吸收公众存款	1616	0	2	1	1	1	1	1	1	0	1
非法进行节育手术	79	1	1	2	1	1	1	1	2	0	1
盗伐林木	2949	0	1	1	1	1	1	1	1	0	1
聚众扰乱社会秩序	315	1	1	1	1	1	0	1	1	0	1
走私、贩卖、运输、制造毒品	75326	0	0	1	2	1	1	1	1	0	1
滥伐林木	9068	0	1	1	1	1	1	1	1	0	1
赌博	9401	0	1	1	1	1	2	1	1	0	1
非法经营	4697	0	0	1	1	1	1	1	1	0	1
生产、销售不符合安全标准的食品	1369	0	0	2	1	1	1	1	2	0	1
盗掘古文化遗址、古墓葬	365	0	1	1	1	1	1	0	1	0	1
破坏广播电视设施、公用电信设施	347	1	1	1	1	1	2	1	1	0	2
走私普通货物、物品
失火	3373	1	1	2	1	1	0	1	2	1	2
票据诈骗
侵犯著作权	592	0	0	1	1	1	1	1	1	0	1
伪造、变造、买卖国家机关公文、证件、印章	2011	0	0	1	1	1	1	1	1	0	1
贷款诈骗
诈骗	27885	0	1	1	1	1	2	0	1	0	1
非法种植毒品原植物	1459	0	1	1	1	1	2	1	1	0	1
非法狩猎	1318	0	1	1	1	1	1	1	1	0	1
挪用资金	1971	0	1	1	1	1	1	1	1	0	1
非法收购、运输盗伐、滥伐的林木	134	0	2	1	1	1	1	1	1	0	1
出售、购买、运输假币	121	0	0	1	1	1	1	1	1	0	1
抢夺	4791	0	1	1	1	1	0	0	1	0	1
制作、复制、出版、贩卖、传播淫秽物品牟利	103	0	0	1	1	1	1	1	1	0	1
拒不支付劳动报酬	1686	1	1	1	1	1	1	0	1	0	1
非法获取公民个人信息	139	1	2	1	1	1	1	1	1	0	1
非法转让、倒卖土地使用权	185	0	0	1	1	1	1	1	1	0	1
非法捕捞水产品	1291	0	1	1	1	1	1	1	1	0	1
非法占用农用地	3443	0	1	1	1	1	1	1	1	0	1
非法持有、私藏枪支、弹药	12759	1	1	1	1	1	1	0	1	0	1
集资诈骗
伪造公司、企业、事业单位、人民团体印章	991	0	1	1	1	1	1	1	1	0	1
编造、故意传播虚假恐怖信息	68	1	1	1	1	1	0	1	1	0	1
介绍贿赂	71	0	1	1	1	2	1	1	1	0	1
拐卖妇女、儿童	426	0	0	2	2	1	2	1	2	0	1
猥亵儿童	339	1	1	1	0	1	2	1	1	0	1
挪用公款	1267	0	1	1	1	0	1	1	1	0	1
冒充军人招摇撞骗
非法采伐、毁坏国家重点保护植物	957	0	1	1	1	1	1	1	1	0	1
故意毁坏财物	5466	1	1	1	1	1	1	1	1	0	1
非法拘禁	8971	1	1	2	2	1	1	1	2	0	1
招摇撞骗	610	1	1	1	1	1	2	1	1	0	1
伪造、变造居民身份证	200	0	2	1	1	1	1	1	1	0	1
掩饰、隐瞒犯罪所得、犯罪所得收益	6538	1	0	1	1	1	1	1	1	0	1
生产、销售伪劣产品	677	0	0	1	1	1	1	1	1	0	1
破坏生产经营	490	1	1	1	1	1	1	1	1	0	2
帮助犯罪分子逃避处罚	72	1	1	1	1	0	1	1	1	0	1
贪污	3071	0	1	1	1	0	1	0	1	0	1
投放危险物质	297	1	1	2	1	1	0	1	2	0	2
持有伪造的发票	471	1	1	1	1	1	1	0	1	0	1
危险驾驶	34437	1	1	1	1	1	0	1	1	0	1
非法猎捕、杀害珍贵、濒危野生动物	234	0	1	1	1	1	1	1	1	0	1
重大责任事故	1424	1	1	0	1	1	1	1	0	1	0
虚开发票	566	0	1	1	1	1	1	1	1	0	1
扰乱无线电通讯管理秩序	192	1	1	1	1	1	1	1	1	0	1
保险诈骗
强迫交易	259	0	0	1	0	1	1	1	1	0	1
串通投标	108	0	1	1	1	1	1	1	1	0	1
破坏易燃易爆设备	168	1	1	2	1	1	2	1	2	0	2
妨害信用卡管理	709	0	2	1	1	1	1	2	1	0	1
拐骗儿童	75	2	1	1	1	1	2	1	1	0	1
单位行贿
拒不执行判决、裁定	2105	1	1	1	1	1	1	1	1	0	1
虚开增值税专用发票、用于骗取出口退税、抵扣税款发票	2807	0	1	1	1	1	1	1	1	0	1
组织、领导传销活动	780	0	1	1	2	1	1	1	1	0	1
过失以危险方法危害公共安全
过失致人重伤	514	1	1	1	0	1	2	1	0	1	1
遗弃	104	1	1	1	1	1	1	1	1	0	1
信用卡诈骗
故意杀人	1039	1	1	0	0	1	2	1	1	0	1
聚众扰乱公共场所秩序、交通秩序	156	1	1	1	1	1	0	1	1	0	1
盗窃	219839	0	1	1	1	1	2	0	1	0	1
故意伤害	118186	1	1	1	0	1	2	1	0	0	1
非法侵入住宅	1077	1	1	1	1	2	1	1	1	0	1
强制猥亵、侮辱妇女	234	1	1	1	0	1	2	1	1	0	1
伪证	108	1	1	1	1	1	1	1	1	0	1
污染环境	884	1	1	1	1	1	1	1	1	1	1
非国家工作人员受贿
敲诈勒索	4124	0	1	1	1	1	1	0	1	0	1
职务侵占
