Test Results:
Accuracy for law prediction is: 83.06%
Other metrics for law prediction is: (0.8305686318463723, 0.7923358102436949, 0.8305686318463723, 0.8034470465323187, 0.8305686318463723, 0.7841839405695524, 0.8305686318463723)
Accuracy for accu prediction is: 86.86%
Other metrics for accu prediction is: (0.8686019577075395, 0.833858250851933, 0.8686019577075395, 0.8516791706085225, 0.8686019577075395, 0.8362560417656769, 0.8686019577075395)
Accuracy for time prediction is: 39.38%
Other metrics for time prediction is: (0.39382051856833294, 0.3383597877161228, 0.39382051856833294, 0.3552299772850801, 0.39382051856833294, 0.3241215796193134, 0.39382051856833294)
* Classification Report for law:
              precision    recall  f1-score   support

           0       0.99      0.99      0.99       369
           1       0.86      0.87      0.86        62
           2       1.00      1.00      1.00       348
           3       0.77      0.61      0.68       490
           4       0.97      0.88      0.93       364
           5       0.85      0.92      0.88        25
           6       0.99      0.99      0.99       339
           7       0.73      0.40      0.52        40
           8       0.86      0.88      0.87       320
           9       0.63      0.81      0.71       651
          10       0.91      0.97      0.94       346
          11       0.82      0.97      0.89       136
          12       0.75      0.52      0.61        64
          13       0.82      0.81      0.81        68
          14       0.89      0.74      0.81        23
          15       0.78      0.62      0.69        40
          16       0.96      0.88      0.92       354
          17       0.86      0.82      0.84        22
          18       0.75      0.84      0.79       105
          19       0.96      0.91      0.93       124
          20       0.80      0.83      0.81        52
          21       0.75      0.83      0.79       160
          22       0.84      0.81      0.82       156
          23       0.83      0.81      0.82       335
          24       0.97      0.95      0.96       103
          25       0.02      0.22      0.03        18
          26       0.77      0.95      0.85       895
          27       0.82      0.95      0.88       182
          28       0.91      0.94      0.92       333
          29       0.59      0.72      0.65       349
          30       0.75      0.63      0.68       356
          31       0.90      0.98      0.94       379
          32       0.92      0.26      0.41      1720
          33       0.79      0.88      0.83       354
          34       0.84      0.88      0.86      1042
          35       1.00      0.98      0.99        54
          36       0.95      0.81      0.88        26
          37       0.00      0.00      0.00         1
          38       0.95      0.31      0.47        61
          39       0.37      0.94      0.54       252
          40       0.97      0.97      0.97        62
          41       0.68      0.79      0.73       390
          42       0.91      0.89      0.90       228
          43       0.95      0.72      0.82        25
          44       0.44      0.94      0.60        52
          45       0.88      0.90      0.89       545
          46       0.88      0.82      0.85       365
          47       0.96      0.94      0.95       566
          48       0.96      0.76      0.85        29
          49       0.85      0.74      0.79        46
          50       0.55      0.88      0.68       242
          51       0.88      0.85      0.86       330
          52       0.99      0.99      0.99       467
          53       0.89      0.79      0.84        39
          54       0.74      0.94      0.83        34
          55       0.77      0.79      0.78       345
          56       0.67      0.39      0.49        41
          57       0.98      0.99      0.99       347
          58       0.86      0.85      0.86       342
          59       0.94      0.92      0.93       607
          60       0.90      0.97      0.93       360
          61       0.75      0.58      0.65        57
          62       0.93      0.93      0.93       342
          63       0.97      0.96      0.97       352
          64       0.79      0.92      0.85       171
          65       0.81      0.62      0.71        96
          67       0.97      0.92      0.95       420
          68       0.98      0.99      0.98       345
          69       0.88      0.81      0.85        37
          70       0.42      0.22      0.29        37
          71       0.96      0.91      0.93        53
          72       1.00      0.53      0.69        38
          73       0.93      0.95      0.94        84
          74       0.00      0.00      0.00         4
          75       0.89      0.96      0.93       353
          76       0.98      0.66      0.79      1291
          77       0.95      0.91      0.93       681
          78       0.41      0.95      0.57       139
          79       0.81      0.65      0.72       105
          80       0.92      0.93      0.92        59
          81       0.71      0.43      0.54        23
          82       0.00      0.00      0.00        16
          83       0.94      0.94      0.94       453
          84       0.91      0.97      0.94       331
          85       0.89      0.89      0.89        38
          86       0.33      0.88      0.48       220
          87       0.76      0.85      0.80       377
          88       0.91      0.96      0.93       341
          89       0.00      0.00      0.00         2
          90       0.98      0.99      0.99       713
          91       0.98      0.96      0.97       100
          92       0.95      0.95      0.95        39
          93       0.94      0.93      0.94       329
          94       0.82      0.74      0.78       167
          95       0.70      0.63      0.66       512
          96       0.71      0.85      0.77        34
          97       0.99      0.97      0.98       356
          98       0.76      0.82      0.79       352
          99       0.88      0.91      0.89       307
         100       0.99      0.99      0.99       136
         101       0.94      0.91      0.93       332
         102       0.94      0.90      0.92       344

    accuracy                           0.83     26766
   macro avg       0.80      0.79      0.78     26766
weighted avg       0.86      0.83      0.83     26766

* Classification Report for accu:

              precision    recall  f1-score   support

           0       0.98      0.89      0.93       330
           1       0.80      0.62      0.70       563
           2       0.96      0.94      0.95       125
           3       0.90      0.91      0.90       342
           4       0.81      0.88      0.84       336
           5       0.85      0.69      0.76        97
           6       0.48      0.89      0.62       258
           7       0.96      0.89      0.93       342
           8       0.91      0.96      0.94       333
           9       0.88      0.94      0.91       438
          10       0.60      0.86      0.71        98
          11       0.69      0.75      0.72       432
          12       0.57      0.79      0.67       107
          13       0.85      0.84      0.84        61
          14       0.70      0.73      0.71       153
          15       0.89      0.92      0.90       344
          16       0.82      0.95      0.88        59
          17       0.97      0.98      0.97        98
          18       0.47      0.57      0.52        61
          19       0.89      0.89      0.89        37
          20       0.92      0.93      0.93       331
          21       0.91      0.92      0.92       347
          22       0.92      0.98      0.95       385
          23       0.96      0.81      0.88        27
          24       0.58      0.38      0.46        47
          25       0.80      0.88      0.84       335
          26       0.87      0.39      0.54        33
          27       0.90      0.88      0.89        68
          28       0.98      0.96      0.97       352
          29       0.78      0.69      0.73       318
          30       0.90      0.96      0.93       338
          31       0.84      0.97      0.90        33
          32       0.94      0.95      0.95       353
          33       0.85      0.69      0.76       274
          34       0.89      0.71      0.79        35
          35       0.99      0.98      0.99       353
          36       0.89      0.81      0.85        21
          37       0.00      0.00      0.00         2
          38       0.93      0.94      0.94       342
          39       0.65      0.93      0.76        14
          40       0.93      0.94      0.93       320
          41       0.63      0.67      0.65        51
          42       0.97      0.80      0.88      1283
          43       0.95      0.95      0.95       371
          44       0.83      0.73      0.78       220
          45       0.78      0.87      0.82       362
          46       0.95      0.94      0.94       353
          47       0.98      0.98      0.98        54
          48       0.75      0.84      0.79       105
          49       0.99      0.99      0.99       137
          50       0.98      0.98      0.98       358
          51       0.90      0.79      0.84        33
          52       0.95      0.92      0.93        62
          53       0.90      0.82      0.86       324
          54       0.78      0.21      0.33        33
          55       0.74      0.82      0.78       627
          56       1.00      1.00      1.00       348
          57       0.97      0.99      0.98       266
          58       0.83      0.88      0.85       330
          59       0.79      0.90      0.84        21
          60       0.93      0.76      0.84        37
          61       0.78      0.87      0.82       222
          62       1.00      1.00      1.00        20
          63       1.00      1.00      1.00       348
          64       1.00      0.97      0.99        39
          65       0.90      0.97      0.93        59
          66       1.00      1.00      1.00       132
          67       0.98      0.98      0.98       356
          68       0.94      0.92      0.93       365
          69       0.81      0.65      0.72        95
          70       0.90      0.91      0.90       304
          71       1.00      0.74      0.85        23
          72       0.80      0.74      0.77        27
          73       0.95      0.95      0.95       102
          74       0.91      0.91      0.91       146
          75       0.88      0.87      0.87       305
          76       0.87      0.69      0.77        39
          77       0.96      0.96      0.96       277
          78       0.83      0.74      0.78       350
          79       0.85      0.90      0.87       322
          80       0.85      0.86      0.85       171
          81       0.94      0.88      0.91        51
          82       0.80      0.71      0.76       349
          83       0.83      0.80      0.81       167
          84       0.79      0.80      0.80       105
          85       1.00      0.81      0.89        26
          86       0.61      0.45      0.52        38
          87       0.84      0.94      0.89        52
          88       0.94      0.94      0.94        84
          89       0.98      0.97      0.98       519
          90       0.97      0.93      0.95        72
          91       0.83      0.78      0.80       332
          92       0.94      0.93      0.94       101
          93       0.74      0.55      0.63        64
          94       0.92      0.91      0.92        54
          95       0.80      0.71      0.75        45
          96       0.92      0.92      0.92        24
          97       0.75      0.98      0.85        41
          98       0.81      0.97      0.88       155
          99       0.89      0.74      0.81        23
         100       0.78      0.96      0.86       138
         101       0.90      0.97      0.93       347
         102       0.99      1.00      0.99       365
         103       0.93      0.95      0.94        60
         104       0.77      0.45      0.57        22
         105       0.83      0.76      0.79       159
         106       0.78      0.67      0.72        21
         107       0.82      0.84      0.83       365
         108       0.82      0.80      0.81       376
         109       0.86      0.86      0.86        28
         110       0.95      0.80      0.87      1762
         111       0.78      0.90      0.84      1131
         112       0.52      0.84      0.65       219
         113       0.79      0.63      0.70        73
         114       0.73      0.48      0.58        23
         115       0.99      0.99      0.99       348
         116       0.95      0.93      0.94       325
         117       0.84      0.78      0.81       331
         118       0.78      0.80      0.79       352

    accuracy                           0.87     26766
   macro avg       0.85      0.83      0.84     26766
weighted avg       0.88      0.87      0.87     26766

* Classification Report for term:
              precision    recall  f1-score   support

           0       0.51      0.67      0.58       226
           1       0.29      0.36      0.32       453
           2       0.17      0.08      0.11       398
           3       0.28      0.04      0.07       555
           4       0.34      0.36      0.35      1634
           5       0.36      0.49      0.41      3229
           6       0.27      0.29      0.28      4055
           7       0.33      0.29      0.31      4828
           8       0.28      0.05      0.08      2944
           9       0.50      0.67      0.58      6781
          10       0.58      0.41      0.48      1663

    accuracy                           0.39     26766
   macro avg       0.36      0.34      0.32     26766
weighted avg       0.38      0.39      0.37     26766

