Evaluation Results:
Accuracy for law prediction is: 96.48%
Other metrics for law prediction is: (0.9647701307750896, 0.7829510413725604, 0.9647701307750896, 0.867755711493983, 0.9647701307750896, 0.8097688923763966, 0.9647701307750896)
Accuracy for accu prediction is: 96.41%
Other metrics for accu prediction is: (0.964105722017858, 0.8259386161423291, 0.964105722017858, 0.9013098196866315, 0.964105722017858, 0.8534229639270906, 0.964105722017858)
Accuracy for time prediction is: 58.26%
Other metrics for time prediction is: (0.5826432665143388, 0.41531604241415027, 0.5826432665143388, 0.5170782084481217, 0.5826432665143388, 0.44310510746168974, 0.5826432665143388)
* Classification Report for law:
              precision    recall  f1-score   support

           0       0.99      0.99      0.99       438
           1       0.89      0.87      0.88       168
           2       1.00      0.99      1.00       776
           3       0.72      0.90      0.80      1002
           4       1.00      0.03      0.05        38
           5       0.95      0.88      0.91        42
           6       0.98      0.96      0.97      1602
           7       0.94      0.83      0.88        60
           8       0.93      0.99      0.96       104
           9       0.72      0.61      0.66        70
          10       0.82      0.95      0.88       548
          11       0.92      0.93      0.92      6094
          12       0.95      0.96      0.95       463
          13       1.00      0.98      0.99       364
          14       0.82      0.70      0.76       175
          15       0.91      0.85      0.88       164
          16       0.96      0.87      0.91        60
          17       0.96      0.58      0.72        88
          18       0.91      0.94      0.93       409
          19       0.92      0.82      0.87        57
          20       0.84      0.85      0.84       285
          21       0.99      0.97      0.98       333
          22       0.95      0.86      0.90       131
          23       0.96      0.71      0.81       433
          24       0.82      0.96      0.88       407
          25       0.86      0.84      0.85       366
          26       0.96      0.92      0.94       275
          27       0.83      0.39      0.53        51
          29       1.00      1.00      1.00     57499
          30       0.97      0.86      0.91       470
          31       0.79      0.90      0.84       330
          32       0.85      0.97      0.91       433
          33       0.76      0.81      0.78       652
          34       0.95      0.93      0.94       490
          35       0.99      0.99      0.99     42557
          36       0.78      0.88      0.82       365
          37       0.97      0.97      0.97     22215
          38       1.00      0.96      0.98       148
          39       0.97      0.69      0.81        49
          40       1.00      0.94      0.97        47
          41       0.69      0.63      0.66       172
          42       0.91      0.95      0.93       836
          43       1.00      0.87      0.93       172
          44       0.85      0.73      0.79       620
          45       0.98      0.91      0.94       237
          46       0.97      0.68      0.80        57
          47       0.89      0.44      0.59        18
          48       0.94      0.77      0.85      1069
          49       0.95      0.98      0.96      2097
          50       0.99      0.98      0.98      2619
          51       0.88      0.47      0.61        64
          52       0.97      0.44      0.61        79
          53       0.88      0.96      0.92       650
          54       0.92      0.78      0.85       384
          55       1.00      0.00      0.00         1
          56       0.99      0.98      0.98       816
          57       0.80      0.61      0.69        90
          58       0.84      0.88      0.86        88
          59       0.77      0.73      0.75       717
          60       0.43      0.68      0.53        41
          61       0.67      0.55      0.60        95
          62       1.00      0.99      0.99       457
          63       0.83      0.80      0.81       311
          64       0.00      1.00      0.00         0
          65       0.91      0.96      0.93       624
          66       0.88      0.94      0.91       471
          67       0.92      0.53      0.68       129
          68       0.88      0.99      0.93       457
          69       0.98      0.99      0.99      2237
          70       0.98      0.98      0.98       763
          71       0.92      0.71      0.80       428
          72       0.95      0.53      0.68        40
          73       0.96      0.69      0.80       239
          74       0.00      0.00      1.00        19
          75       0.82      0.46      0.59        67
          76       0.94      0.93      0.93       705
          77       0.97      0.96      0.96       178
          78       0.90      0.77      0.83        91
          79       0.63      0.65      0.64        81
          80       0.89      0.89      0.89       121
          81       0.53      0.24      0.33        37
          82       1.00      1.00      1.00        20
          83       0.94      0.96      0.95       220
          84       1.00      0.64      0.78        47
          85       0.94      0.92      0.93       535
          86       0.99      0.99      0.99     10215
          87       0.97      0.94      0.95      1050
          88       0.95      0.72      0.82       318
          89       0.97      0.49      0.65       239
          90       0.98      0.86      0.92       129
          91       0.86      0.34      0.49        56
          92       1.00      0.00      0.00         1
          93       0.42      0.53      0.47        15
          94       0.88      0.86      0.87       637
          95       0.91      0.93      0.92       486
          96       0.90      0.90      0.90        91
          97       1.00      0.81      0.90        43
          98       0.96      0.60      0.74       585
          99       0.79      0.88      0.83       653
         100       0.94      0.91      0.92       450
         101       0.83      0.92      0.87       860
         102       1.00      0.65      0.78        48
         104       0.89      0.36      0.52        47
         105       0.99      0.99      0.99      1751
         106       1.00      0.98      0.99       251
         107       1.00      0.86      0.92       106
         108       0.93      0.85      0.89       455
         109       0.94      0.75      0.84       463
         110       0.76      0.86      0.81      3336
         111       0.86      0.61      0.72        80
         112       0.98      0.99      0.99       545
         113       0.84      0.91      0.87       639
         114       0.80      0.93      0.86       335
         115       1.00      0.99      0.99       364
         116       0.93      0.96      0.94      1213
         117       0.80      0.87      0.83       209

    accuracy                           0.96    185127
   macro avg       0.88      0.79      0.82    185127
weighted avg       0.97      0.96      0.96    185127


* Classification Report for accu:
              precision    recall  f1-score   support

           0       0.94      0.96      0.95      1227
           1       0.77      0.86      0.81      3368
           2       0.99      0.98      0.98       333
           3       0.92      0.96      0.94      1672
           4       0.83      0.81      0.82       312
           5       0.96      0.49      0.64       239
           6       0.94      0.96      0.95       860
           7       0.80      0.87      0.83       204
           8       0.98      0.99      0.99      2248
           9       0.90      0.93      0.92       490
          10       0.99      1.00      0.99     18848
          11       0.92      0.74      0.82       212
          12       0.66      0.79      0.72       654
          13       0.88      0.94      0.91       946
          14       0.90      0.89      0.89       167
          15       0.91      0.48      0.62       383
          16       0.75      0.92      0.82       389
          17       0.92      0.91      0.92       156
          18       0.99      0.98      0.99       251
          19       0.71      0.65      0.68       173
          20       1.00      0.63      0.77        43
          21       0.95      0.88      0.91        42
          22       0.89      0.90      0.90        91
          23       0.80      0.89      0.84       330
          24       0.83      0.92      0.88       509
          25       0.96      0.98      0.97       464
          26       0.95      0.76      0.85        76
          27       0.78      0.35      0.49       150
          28       0.79      0.92      0.85       379
          29       0.68      0.54      0.60        91
          30       0.93      0.60      0.73        43
          31       0.98      0.99      0.99       762
          32       0.80      0.80      0.80       674
          33       0.94      0.93      0.94       449
          34       0.85      0.89      0.87        88
          35       0.94      0.94      0.94       531
          36       0.83      0.61      0.70       244
          37       0.96      0.62      0.75        86
          38       0.98      0.97      0.98       377
          39       0.93      0.88      0.90        57
          40       0.52      0.44      0.48        25
          41       0.89      0.99      0.94       460
          42       0.93      0.89      0.91        62
          43       0.97      0.90      0.93       397
          44       0.88      0.58      0.70       130
          45       0.99      0.99      0.99     10212
          46       0.96      0.99      0.98      1270
          47       0.93      0.84      0.88       956
          48       0.79      0.89      0.83       366
          49       0.93      0.94      0.94       414
          50       1.00      0.97      0.98       147
          51       0.83      0.85      0.84       285
          52       1.00      0.99      0.99       365
          53       0.98      0.99      0.98       586
          54       0.44      0.59      0.50        49
          55       0.82      0.64      0.72        80
          56       0.99      0.87      0.93       171
          57       0.83      0.86      0.85       421
          58       0.74      0.67      0.70        85
          59       0.92      0.94      0.93      6001
          60       1.00      0.99      0.99       776
          61       0.91      0.96      0.94        84
          62       0.94      0.79      0.85       385
          63       0.94      0.86      0.90        88
          64       0.91      0.79      0.85        92
          65       0.93      0.96      0.95       681
          66       1.00      1.00      1.00        20
          67       0.99      0.99      0.99       348
          68       1.00      0.93      0.97        45
          69       0.99      0.86      0.92       105
          70       0.98      0.87      0.92       130
          71       1.00      0.98      0.99       364
          72       0.98      0.99      0.99       544
          73       0.98      0.96      0.97      1606
          74       0.97      0.69      0.81       239
          75       0.95      0.86      0.90       515
          76       0.96      0.83      0.89        54
          77       0.85      0.48      0.61        61
          78       0.96      0.92      0.94       277
          79       1.00      0.86      0.92        42
          80       0.93      0.90      0.91       165
          81       0.80      0.95      0.87       329
          82       0.80      0.64      0.71        87
          83       0.84      0.94      0.89       135
          84       0.78      0.73      0.75       721
          85       0.82      0.95      0.88       557
          86       0.92      0.72      0.81       430
          87       0.96      0.84      0.90       115
          88       0.96      0.57      0.72        40
          89       0.86      0.97      0.91       436
          90       0.94      0.74      0.83       461
          91       0.78      0.69      0.73       295
          92       0.83      0.71      0.77        49
          93       0.81      0.70      0.75        87
          94       0.96      0.76      0.85       167
          95       0.91      0.99      0.95       220
          96       1.00      1.00      1.00     38663
          97       0.79      0.46      0.58        67
          98       0.79      0.95      0.86        20
          99       0.88      0.74      0.80       620
         100       0.99      0.90      0.94       289
         102       0.83      0.69      0.76       176
         103       0.87      0.91      0.89       120
         104       0.95      0.46      0.62        78
         105       0.96      0.88      0.92        58
         106       0.96      0.70      0.81       106
         107       0.98      0.87      0.92       394
         108       1.00      0.58      0.73        57
         109       0.81      0.97      0.89       402
         110       0.97      0.96      0.96       469
         111       0.98      0.99      0.99       530
         112       0.99      0.99      0.99       510
         113       0.97      0.69      0.80        48
         114       0.88      0.69      0.77        64
         115       0.95      0.73      0.83       429
         116       0.85      0.84      0.84        55
         117       0.95      0.98      0.96      2091
         118       0.89      0.35      0.51        48
         119       0.83      0.86      0.84       690
         120       0.97      0.87      0.92        77
         121       0.99      1.00      0.99     42452
         122       0.97      0.98      0.97     22130
         123       0.97      0.58      0.72       587
         124       0.85      0.67      0.75        70
         125       0.86      0.35      0.49        55
         126       1.00      0.99      1.00       456
         127       0.93      0.85      0.89       449
         128       0.88      0.84      0.86       370
         129       0.85      0.91      0.88       647

    accuracy                           0.96    185127
   macro avg       0.90      0.83      0.85    185127
weighted avg       0.96      0.96      0.96    185127


* Classification Report for time:
              precision    recall  f1-score   support

           0       0.71      0.50      0.59       727
           1       0.56      0.58      0.57      2127
           2       0.53      0.21      0.30      1602
           3       0.36      0.13      0.19      2194
           4       0.44      0.52      0.48      6985
           5       0.53      0.45      0.49     12854
           6       0.40      0.38      0.39     21206
           7       0.44      0.40      0.42     29834
           8       0.39      0.30      0.34     23602
           9       0.72      0.87      0.79     77543
          10       0.61      0.23      0.33      6453

    accuracy                           0.58    185127
   macro avg       0.52      0.42      0.44    185127
weighted avg       0.56      0.58      0.56    185127