Test Results
Other metrics for law prediction: (0.798803738317757, 0.7569604752390683, 0.798803738317757, 0.7936055820293437, 0.798803738317757, 0.7528831243167037, 0.798803738317757)
Other metrics for accu prediction: (0.8302056074766355, 0.8092602161450347, 0.8302056074766355, 0.8405614329185083, 0.8302056074766355, 0.8141471925504156, 0.8302056074766355)
Other metrics for time prediction: (0.3703551401869159, 0.2981184337940824, 0.3703551401869159, 0.36870619554403805, 0.3703551401869159, 0.2904573048759464, 0.3703551401869159)
* Classification Report for law:

              precision    recall  f1-score   support

           0       1.00      0.99      0.99       369
           1       0.86      0.89      0.87        61
           2       1.00      1.00      1.00       348
           3       0.78      0.60      0.68       489
           4       0.96      0.84      0.90       363
           5       0.95      0.76      0.84        25
           6       0.98      0.99      0.98       339
           7       0.79      0.28      0.41        40
           8       0.82      0.88      0.85       319
           9       0.54      0.83      0.65       651
          10       0.97      0.98      0.97       345
          11       0.96      0.97      0.97       136
          12       0.70      0.69      0.69        64
          13       0.77      0.84      0.80        68
          14       0.89      0.74      0.81        23
          15       0.72      0.33      0.45        40
          16       0.96      0.92      0.94       354
          17       0.93      0.64      0.76        22
          18       0.82      0.79      0.81       105
          19       0.96      0.90      0.93       124
          20       0.87      0.77      0.82        52
          21       0.53      0.88      0.66       160
          22       0.93      0.79      0.85       156
          23       0.72      0.78      0.75       334
          24       0.83      0.94      0.88       103
          25       0.03      0.06      0.04        18
          26       0.85      0.95      0.90       894
          27       0.89      0.91      0.90       182
          28       0.82      0.89      0.86       333
          29       0.31      0.69      0.43       349
          30       0.68      0.65      0.67       355
          31       0.90      0.95      0.92       378
          32       1.00      0.00      0.01      1720
          33       0.76      0.84      0.80       354
          34       0.81      0.81      0.81      1041
          35       1.00      0.98      0.99        53
          36       1.00      0.50      0.67        26
          37       0.00      0.00      0.00         1
          38       0.90      0.31      0.46        61
          39       0.35      0.88      0.50       252
          40       0.93      0.89      0.91        62
          41       0.75      0.79      0.77       390
          42       0.88      0.88      0.88       228
          43       0.86      0.72      0.78        25
          44       0.40      0.81      0.54        52
          45       0.80      0.91      0.85       545
          46       0.86      0.77      0.81       364
          47       0.95      0.94      0.95       566
          48       0.71      0.59      0.64        29
          49       0.87      0.43      0.58        46
          50       0.34      0.86      0.49       242
          51       0.89      0.85      0.87       330
          52       0.99      0.99      0.99       467
          53       0.84      0.69      0.76        39
          54       0.85      0.85      0.85        34
          55       0.61      0.75      0.67       345
          56       0.67      0.29      0.41        41
          57       0.99      0.99      0.99       347
          58       0.76      0.81      0.78       342
          59       0.91      0.94      0.93       606
          60       0.83      0.95      0.88       360
          61       0.71      0.60      0.65        57
          62       0.95      0.94      0.94       342
          63       0.97      0.97      0.97       351
          64       0.86      0.77      0.81       171
          65       0.80      0.73      0.76        96
          67       0.96      0.90      0.93       420
          68       0.99      0.98      0.99       345
          69       0.93      0.68      0.78        37
          70       0.62      0.22      0.32        37
          71       0.89      0.94      0.92        53
          72       0.95      0.53      0.68        38
          73       0.97      0.89      0.93        84
          74       0.00      0.00      0.00         4
          75       0.94      0.97      0.96       352
          76       0.97      0.65      0.78      1291
          77       0.94      0.91      0.93       681
          78       0.64      0.91      0.75       139
          79       0.89      0.65      0.75       105
          80       0.97      0.97      0.97        59
          81       1.00      0.26      0.41        23
          82       0.00      0.00      0.00        16
          83       0.92      0.93      0.93       453
          84       0.93      0.94      0.93       331
          85       0.94      0.84      0.89        38
          86       0.28      0.82      0.42       220
          87       0.76      0.81      0.79       377
          88       0.88      0.97      0.92       341
          89       0.00      0.00      0.00         2
          90       0.98      0.99      0.98       713
          91       0.99      0.94      0.96       100
          92       0.83      0.87      0.85        39
          93       0.92      0.94      0.93       329
          94       0.79      0.75      0.77       167
          95       0.61      0.49      0.54       511
          96       0.64      0.82      0.72        34
          97       0.99      0.99      0.99       356
          98       0.69      0.81      0.74       352
          99       0.86      0.88      0.87       307
         100       0.99      1.00      0.99       136
         101       0.88      0.90      0.89       332
         102       0.89      0.93      0.91       344

    accuracy                           0.80     26750
   macro avg       0.79      0.76      0.75     26750
weighted avg       0.85      0.80      0.78     26750

* Classification Report for accu:

              precision    recall  f1-score   support

           0       0.90      0.92      0.91       330
           1       0.67      0.51      0.58       562
           2       0.97      0.90      0.93       125
           3       0.92      0.87      0.89       342
           4       0.79      0.81      0.80       336
           5       0.93      0.72      0.81        97
           6       0.44      0.80      0.57       258
           7       0.90      0.94      0.92       342
           8       0.93      0.93      0.93       333
           9       0.87      0.91      0.89       438
          10       0.69      0.94      0.79        98
          11       0.70      0.72      0.71       431
          12       0.59      0.59      0.59       107
          13       0.83      0.88      0.85        60
          14       0.64      0.68      0.66       153
          15       0.81      0.94      0.87       344
          16       0.79      0.95      0.86        59
          17       0.99      0.97      0.98        98
          18       1.00      0.30      0.46        61
          19       0.91      0.81      0.86        37
          20       0.82      0.90      0.86       331
          21       0.87      0.94      0.90       347
          22       0.90      0.96      0.93       384
          23       0.96      0.85      0.90        27
          24       0.54      0.40      0.46        47
          25       0.82      0.86      0.84       334
          26       0.65      0.39      0.49        33
          27       0.92      0.71      0.80        68
          28       0.97      0.98      0.98       351
          29       0.69      0.73      0.71       317
          30       0.87      0.97      0.92       338
          31       0.91      0.91      0.91        33
          32       0.93      0.97      0.95       352
          33       0.82      0.76      0.79       274
          34       0.78      0.40      0.53        35
          35       0.99      0.99      0.99       353
          36       0.94      0.81      0.87        21
          37       0.00      0.00      0.00         2
          38       0.96      0.94      0.95       342
          39       0.93      0.93      0.93        14
          40       0.95      0.92      0.93       320
          41       0.69      0.71      0.70        51
          42       0.95      0.77      0.85      1283
          43       0.92      0.96      0.94       371
          44       0.77      0.79      0.78       220
          45       0.77      0.82      0.80       362
          46       0.96      0.92      0.94       353
          47       1.00      0.98      0.99        53
          48       0.81      0.82      0.82       105
          49       0.99      0.99      0.99       137
          50       0.98      0.97      0.98       358
          51       0.68      0.82      0.74        33
          52       0.90      0.90      0.90        62
          53       0.87      0.80      0.83       324
          54       0.41      0.36      0.39        33
          55       0.58      0.84      0.69       627
          56       1.00      1.00      1.00       348
          57       0.97      0.98      0.98       266
          58       0.89      0.85      0.87       330
          59       0.90      0.86      0.88        21
          60       0.92      0.65      0.76        37
          61       0.45      0.88      0.60       222
          62       1.00      1.00      1.00        20
          63       0.99      0.99      0.99       348
          64       0.95      0.90      0.92        39
          65       1.00      0.97      0.98        59
          66       0.99      1.00      1.00       132
          67       0.99      0.99      0.99       356
          68       0.97      0.86      0.91       364
          69       0.76      0.74      0.75        95
          70       0.90      0.88      0.89       304
          71       0.90      0.83      0.86        23
          72       0.70      0.59      0.64        27
          73       0.84      0.92      0.88       102
          74       0.85      0.87      0.86       146
          75       0.86      0.89      0.87       305
          76       0.87      0.69      0.77        39
          77       0.94      0.99      0.96       277
          78       0.73      0.74      0.74       350
          79       0.82      0.88      0.85       321
          80       0.88      0.77      0.82       171
          81       0.93      0.73      0.81        51
          82       0.46      0.68      0.55       349
          83       0.81      0.75      0.78       167
          84       0.68      0.72      0.70       105
          85       1.00      0.50      0.67        26
          86       0.81      0.45      0.58        38
          87       0.86      0.85      0.85        52
          88       0.96      0.92      0.94        84
          89       0.98      0.98      0.98       518
          90       0.96      0.96      0.96        72
          91       0.83      0.85      0.84       332
          92       0.94      0.94      0.94       101
          93       0.74      0.70      0.72        64
          94       0.93      0.94      0.94        54
          95       0.96      0.56      0.70        45
          96       0.95      0.79      0.86        24
          97       0.89      0.83      0.86        41
          98       0.94      0.93      0.93       155
          99       0.86      0.78      0.82        23
         100       0.88      0.88      0.88       138
         101       0.98      0.97      0.98       346
         102       0.99      0.99      0.99       365
         103       0.95      0.98      0.97        60
         104       0.83      0.45      0.59        22
         105       0.60      0.87      0.71       159
         106       0.84      0.76      0.80        21
         107       0.84      0.80      0.82       364
         108       0.77      0.82      0.79       376
         109       0.88      0.79      0.83        28
         110       0.95      0.43      0.59      1762
         111       0.80      0.84      0.82      1130
         112       0.35      0.83      0.49       219
         113       0.75      0.63      0.69        73
         114       0.88      0.30      0.45        23
         115       0.99      0.99      0.99       348
         116       0.92      0.94      0.93       325
         117       0.75      0.78      0.76       330
         118       0.72      0.80      0.76       352

    accuracy                           0.83     26750
   macro avg       0.84      0.81      0.81     26750
weighted avg       0.85      0.83      0.83     26750

* Classification Report for time:
              precision    recall  f1-score   support

           0       0.54      0.61      0.57       226
           1       0.37      0.18      0.24       453
           2       0.15      0.08      0.11       398
           3       0.53      0.02      0.03       553
           4       0.32      0.33      0.32      1633
           5       0.35      0.44      0.39      3228
           6       0.24      0.31      0.27      4051
           7       0.31      0.17      0.22      4827
           8       0.26      0.01      0.02      2941
           9       0.44      0.73      0.55      6778
          10       0.55      0.41      0.47      1662

    accuracy                           0.37     26750
   macro avg       0.37      0.30      0.29     26750
weighted avg       0.35      0.37      0.33     26750
